7 7 0 110720 113344
7 7 1 109376 110464
7 7 2 108928 109248
4 7 0 109307 110564
4 7 1 108839 109177
4 7 2 4507 108816
4 4 0 46464 49152
4 4 1 45184 46336
4 4 2 44800 45056
1 4 0 45130 46231
1 4 1 44687 44911
1 4 2 4595 44647
7 7 0 110720 113344
7 7 1 109376 110464
7 7 2 108928 109248
6 7 0 109367 110655
6 7 1 108940 109157
6 7 2 3129 108875
6 6 0 89344 91776
6 6 1 87744 89280
6 6 2 87360 87616
1 6 0 87645 88756
1 6 1 87172 87421
1 6 2 4593 87132
1 1 0 45888 48704
1 1 1 44992 45504
1 1 2 44672 44928
0 1 0 44936 45662
0 1 1 44568 44721
0 1 2 4475 44513
7 7 0 110720 113344
7 7 1 109376 110464
7 7 2 108928 109248
4 7 0 109307 110564
4 7 1 108839 109177
4 7 2 4507 108816
4 4 0 46464 49152
4 4 1 45184 46336
4 4 2 44800 45056
2 4 0 45172 46267
2 4 1 44808 45022
2 4 2 3175 44713
7 7 0 110720 113344
7 7 1 109376 110464
7 7 2 108928 109248
5 7 0 109337 110679
5 7 1 108910 109226
5 7 2 1751 108855
5 5 0 110592 112704
5 5 1 109248 110080
5 5 2 108864 108992
2 5 0 109101 110368
2 5 1 108735 109062
2 5 2 4619 108696
2 2 0 32320 34496
2 2 1 31232 31936
2 2 2 30912 30976
0 2 0 31098 32123
0 2 1 30768 31044
0 2 2 4498 30713
7 7 0 110720 113344
7 7 1 109376 110464
7 7 2 108928 109248
5 7 0 109337 110679
5 7 1 108910 109226
5 7 2 1751 108855
5 5 0 110592 112704
5 5 1 109248 110080
5 5 2 108864 108992
3 5 0 109202 110471
3 5 1 108834 108992
3 5 2 3181 108676
7 7 0 110720 113344
7 7 1 109376 110464
7 7 2 108928 109248
6 7 0 109367 110655
6 7 1 108940 109157
6 7 2 3129 108875
6 6 0 89344 91776
6 6 1 87744 89280
6 6 2 87360 87616
3 6 0 87675 88822
3 6 1 87293 87470
3 6 2 3173 87197
3 3 0 88640 90880
3 3 1 87360 87936
3 3 2 87104 87168
0 3 0 87349 88547
0 3 1 87074 87294
0 3 2 4500 87019
0 0 0 31360 33920
0 0 1 30464 30528
0 0 2 30464 30464
