91,605,1183,2389,3523;89,606,1156,2396,3500;86,587,1138,2403,3536;80,568,1141,2454,3570
113,574,1221,2565,3743;106,535,1192,2523,3807;105,352,1146,2548,3860;104,248,1082,2615,3896
114,586,1221,2266,3521;112,591,1245,2292,3358;113,587,1274,2295,3328;112,574,1323,2302,3399;110,564,1388,2353,3477;110,552,1440,2429,3514;108,468,1464,2485,3514
101,632,1200,2239,3701;97,625,1174,2269,3671;94,603,1144,2281,3633;91,587,1093,2241,3615;89,582,1045,2239,3625;88,557,990,2290,3574;88,449,927,2337,3529
122,613,1182,2305,3219;121,635,1154,2340,3204;120,653,1124,2371,3734;118,654,1109,2395,3725;116,634,1091,2406,3665
111,573,1271,2353,3472;111,584,1330,2397,3441;109,592,1376,2434,3399;106,556,1396,2445,3405
120,705,1206,2539,3813;120,723,1204,2543,3825;120,737,1202,2526,3817;119,749,1189,2505,3781;117,765,1181,2507,3785;116,765,1183,2537,3781;113,746,1186,2543,3772;112,734,1186,2454,3779;111,727,1179,2389,3758;110,717,1159,2418,3752;109,696,1139,2442,3749;107,670,1125,2434,3720;105,649,1108,2422,3665;103,638,1089,2421,3543;101,611,1057,2422,3524;99,557,1014,2433,3475;97,471,986,2452,3457
107,663,1195,2488,3582;106,642,1160,2487,3492;104,619,1127,2447,3464;102,567,1095,2421,3520;101,256,1017,2483,3635
110,785,1219,2534,3445;110,800,1227,2546,3433;111,800,1227,2544,3411;112,792,1229,2522,3424;111,789,1233,2504,3413;113,782,1236,2505,3421;113,773,1241,2521,3428;113,770,1245,2506,3415;113,776,1246,2462,3383;112,791,1247,2429,3373;112,795,1243,2418,3376;111,782,1239,2404,3353;111,750,1244,2381,3320
100,652,1333,2388,3483;98,672,1305,2407,3502;97,691,1267,2433,3505;95,681,1231,2476,3497;95,660,1197,2493,3481;94,640,1158,2494,3475
