7 7 0 64942 185006
7 7 1 36398 64814
7 7 2 31790 36142
4 7 0 36265 62891
4 7 1 31759 36018
4 7 2 30717 31735
4 7 0 58700 62907
4 7 1 35277 36035
4 7 2 31628 31752
4 4 0 59886 213550
4 4 1 35566 59822
4 4 2 31598 35438
1 4 0 35654 58340
1 4 1 31639 35087
1 4 2 30728 31599
1 4 0 49786 58357
1 4 1 33681 35103
1 4 2 31361 31608
7 7 0 64942 185006
7 7 1 36398 64814
7 7 2 31790 36142
6 7 0 36438 64748
6 7 1 31833 36414
6 7 2 30770 31800
6 7 0 60745 64773
6 7 1 35665 36441
6 7 2 31700 31825
6 6 0 60718 201646
6 6 1 35630 59502
6 6 2 31662 35182
1 6 0 35320 59165
1 6 1 31648 35244
1 6 2 30729 31608
1 6 0 50418 59181
1 6 1 33796 35261
1 6 2 31389 31625
1 1 0 51374 168814
1 1 1 33966 51374
1 1 2 31342 33902
0 1 0 34092 49173
0 1 1 31370 33570
0 1 2 30738 31314
0 1 0 35670 49187
0 1 1 31653 33584
0 1 2 31018 31329
7 7 0 64942 185006
7 7 1 36398 64814
7 7 2 31790 36142
4 7 0 36265 62891
4 7 1 31759 36018
4 7 2 30717 31735
4 7 0 58700 62907
4 7 1 35277 36035
4 7 2 31628 31752
4 4 0 59886 213550
4 4 1 35566 59822
4 4 2 31598 35438
2 4 0 35645 58377
2 4 1 31697 35192
2 4 2 30773 31537
2 4 0 56361 58420
2 4 1 34901 35236
2 4 2 31529 31581
7 7 0 64942 185006
7 7 1 36398 64814
7 7 2 31790 36142
5 7 0 36251 62997
5 7 1 31768 36087
5 7 2 30728 31737
5 7 0 62987 63032
5 7 1 36068 36120
5 7 2 31748 31770
5 5 0 62958 214510
5 5 1 36206 62830
5 5 2 31726 36142
2 5 0 36299 61489
2 5 1 31729 35847
2 5 2 30728 31688
2 5 0 56767 61507
2 5 1 34985 35864
2 5 2 31553 31706
2 2 0 58094 215214
2 2 1 35246 58094
2 2 2 31534 35182
0 2 0 35320 56054
0 2 1 31549 34841
0 2 2 30738 31493
0 2 0 37247 56069
0 2 1 31937 35686
0 2 2 31065 31669
7 7 0 64942 185006
7 7 1 36398 64814
7 7 2 31790 36142
5 7 0 36251 62997
5 7 1 31768 36087
5 7 2 30728 31737
5 7 0 62987 63032
5 7 1 36068 36120
5 7 2 31748 31770
5 5 0 62958 214510
5 5 1 36206 62830
5 5 2 31726 36142
3 5 0 36288 62950
3 5 1 31820 36030
3 5 2 30773 31714
3 5 0 58181 63009
3 5 1 35205 36087
3 5 2 31609 31767
7 7 0 64942 185006
7 7 1 36398 64814
7 7 2 31790 36142
6 7 0 36438 64748
6 7 1 31833 36414
6 7 2 30770 31800
6 7 0 60745 64773
6 7 1 35665 36441
6 7 2 31700 31825
6 6 0 60718 201646
6 6 1 35630 59502
6 6 2 31662 35182
3 6 0 35602 60424
3 6 1 31680 35562
3 6 2 30764 31640
3 6 0 58486 60465
3 6 1 35264 35602
3 6 2 31626 31682
3 3 0 58478 215918
3 3 1 35502 56814
3 3 2 31598 35438
0 3 0 35574 57782
0 3 1 31623 35124
0 3 2 30737 31566
0 3 0 38948 57799
0 3 1 32246 37246
0 3 2 31116 31936
0 0 0 31086 204334
0 0 1 30766 30766
0 0 2 30702 30702